0.00000000  1.5294552001953125e+03  1.5166439056396484e+01
0.02043436  1.4829636230468750e+03  1.5168042182922363e+01
0.04086873  1.4935732421875000e+03  1.5171452522277832e+01
0.06130309  1.5243292236328125e+03  1.5174167633056641e+01
0.08173755  1.5809536132812500e+03  1.5175583839416504e+01
0.10217192  1.6306638183593750e+03  1.5181777000427246e+01
0.12260618  1.6326904296875000e+03  1.5179138183593750e+01
0.14304064  1.6640424804687500e+03  1.5174718856811523e+01
0.16347501  1.7023085937500000e+03  1.5186571121215820e+01
0.18390927  1.7361640625000000e+03  1.5180542945861816e+01
0.20434374  1.7206668701171875e+03  1.5186518669128418e+01
0.22477810  1.7805100097656250e+03  1.5184000968933105e+01
0.24521237  1.7757415771484375e+03  1.5189682960510254e+01
0.26564683  1.7840861816406250e+03  1.5185201644897461e+01
0.28608120  1.7979145507812500e+03  1.5185333251953125e+01
0.30651567  1.7572641601562500e+03  1.5188699722290039e+01
0.32694993  1.7446279296875000e+03  1.5188281059265137e+01
0.34738430  1.7268657226562500e+03  1.5186317443847656e+01
0.36781867  1.7118454589843750e+03  1.5191653251647949e+01
0.38825303  1.6936063232421875e+03  1.5193244934082031e+01
0.40868740  1.6547441406250000e+03  1.5193413734436035e+01
0.42912177  1.6281605224609375e+03  1.5192838668823242e+01
0.44955614  1.6254187011718750e+03  1.5187150001525879e+01
0.46999060  1.6248226318359375e+03  1.5191039085388184e+01
0.49042487  1.6120672607421875e+03  1.5190572738647461e+01
0.51085924  1.5766621093750000e+03  1.5196087837219238e+01
0.53129371  1.5753507080078125e+03  1.5192490577697754e+01
0.55172798  1.5256405029296875e+03  1.5188293457031250e+01
0.57216235  1.5269517822265625e+03  1.5193551063537598e+01
0.59259682  1.5033483886718750e+03  1.5191778182983398e+01
0.61303109  1.4666318359375000e+03  1.5192532539367676e+01
0.63346546  1.3959407958984375e+03  1.5199573516845703e+01
0.65389993  1.4065504150390625e+03  1.5193157196044922e+01
0.67433430  1.4039278564453125e+03  1.5195596694946289e+01
0.69476867  1.3815164794921875e+03  1.5192916870117188e+01
0.71520304  1.3399123535156250e+03  1.5197545051574707e+01
0.73563742  1.3405084228515625e+03  1.5195863723754883e+01
0.75607179  1.2897253417968750e+03  1.5197651863098145e+01
0.77650616  1.2259483642578125e+03  1.5197658538818359e+01
0.79694053  1.1644362792968750e+03  1.5196061134338379e+01
0.81737500  1.1229515380859375e+03  1.5197288513183594e+01
0.83780928  1.0819434814453125e+03  1.5195757865905762e+01
0.85824375  9.9360943603515625e+02  1.5195750236511230e+01
0.87867812  9.2339514160156250e+02  1.5191580772399902e+01
0.89911240  8.8047979736328125e+02  1.5192673683166504e+01
0.91954687  7.4207781982421875e+02  1.5191781044006348e+01
0.93998125  7.3003771972656250e+02  1.5194780349731445e+01
0.96041552  7.0691107177734375e+02  1.5191221237182617e+01
0.98085000  6.3598156738281250e+02  1.5192916870117188e+01
1.00128437  5.9103967285156250e+02  1.5192710876464844e+01
1.02171865  5.4168701171875000e+02  1.5193288803100586e+01
1.04215312  4.4059753417968750e+02  1.5195026397705078e+01
1.06258740  4.1866302490234375e+02  1.5192261695861816e+01
1.08302187  3.4606457519531250e+02  1.5193565368652344e+01
1.10345625  2.7120114135742188e+02  1.5193993568420410e+01
1.12389053  2.5200843811035156e+02  1.5192007064819336e+01
1.14432500  1.9955635070800781e+02  1.5191154479980469e+01
1.16475938  1.2183189392089844e+02  1.5192071914672852e+01
1.18519376  7.1048736572265625e+01  1.5195274353027344e+01
1.20562813  2.0146369934082031e+01  1.5191405296325684e+01
1.22606251  -2.6464462280273438e+01  1.5191158294677734e+01
1.24649689  -6.7174438476562500e+01  1.5189901351928711e+01
1.26693127  -1.3071298217773438e+02  1.5194518089294434e+01
1.28736565  -1.7863511657714844e+02  1.5189068794250488e+01
1.30780013  -2.3829937744140625e+02  1.5195169448852539e+01
1.32823450  -3.1554699707031250e+02  1.5189986228942871e+01
1.34866878  -3.4910440063476562e+02  1.5194023132324219e+01
1.36910326  -4.4190884399414062e+02  1.5191503524780273e+01
1.38953764  -4.7719479370117188e+02  1.5193564414978027e+01
1.40997192  -5.9741735839843750e+02  1.5190711975097656e+01
1.43040640  -6.2125921630859375e+02  1.5191716194152832e+01
1.45084078  -8.0162286376953125e+02  1.5188749313354492e+01
1.47127527  -8.3923339843750000e+02  1.5187022209167480e+01
1.49170955  -9.4377996826171875e+02  1.5190517425537109e+01
1.51214393  -1.0393261718750000e+03  1.5187403678894043e+01
1.53257841  -1.1574626464843750e+03  1.5185515403747559e+01
1.55301269  -1.2874603271484375e+03  1.5188498497009277e+01
1.57344707  -1.3341904296875000e+03  1.5187744140625000e+01
1.59388156  -1.4552474365234375e+03  1.5187227249145508e+01
1.61431584  -1.5658736572265625e+03  1.5188269615173340e+01
1.63475022  -1.6077160644531250e+03  1.5183667182922363e+01
1.65518470  -1.7347336425781250e+03  1.5186544418334961e+01
1.67561899  -1.9142628173828125e+03  1.5186764717102051e+01
1.69605347  -1.9533038330078125e+03  1.5183057785034180e+01
1.71648776  -2.0527839355468750e+03  1.5183636665344238e+01
1.73692214  -2.1692514648437500e+03  1.5186842918395996e+01
1.75735662  -2.2683740234375000e+03  1.5182467460632324e+01
1.77779091  -2.3278593750000000e+03  1.5181153297424316e+01
1.79822529  -2.4191738281250000e+03  1.5182513236999512e+01
1.81865978  -2.4636386718750000e+03  1.5183640480041504e+01
1.83909416  -2.5033354492187500e+03  1.5179738998413086e+01
1.85952855  -2.5542973632812500e+03  1.5181465148925781e+01
1.87996294  -2.5936364746093750e+03  1.5181297302246094e+01
1.90039732  -2.6899575195312500e+03  1.5180127143859863e+01
1.92083171  -2.7097463378906250e+03  1.5179391860961914e+01
1.94126610  -2.7456879882812500e+03  1.5181165695190430e+01
1.96170048  -2.8064250488281250e+03  1.5179330825805664e+01
1.98213497  -2.8274060058593750e+03  1.5179982185363770e+01
2.00256926  -2.8687714843750000e+03  1.5179808616638184e+01
2.02300364  -2.9597282714843750e+03  1.5180941581726074e+01
2.04343813  -2.9708146972656250e+03  1.5178149223327637e+01
2.06387242  -3.0521750488281250e+03  1.5178832054138184e+01
2.08430691  nan  nan
2.10474130  -3.1852722167968750e+03  1.5176543235778809e+01
2.12517559  -3.2413005371093750e+03  1.5177444458007812e+01
2.14561008  -3.2700300292968750e+03  1.5179848670959473e+01
2.16604447  -3.7025212402343750e+03  1.5178762435913086e+01
2.18647875  -3.3334494628906250e+03  1.5173406600952148e+01
2.20691324  -3.4268498535156250e+03  1.5174484252929688e+01
2.22734763  -3.4548044433593750e+03  1.5175816535949707e+01
2.24778213  -3.5218596191406250e+03  1.5174750328063965e+01
2.26821642  -3.5623312988281250e+03  1.5174666404724121e+01
2.28865081  -3.6007165527343750e+03  1.5175294876098633e+01
2.30908530  -3.6262868652343750e+03  1.5173910140991211e+01
2.32951959  -3.7470458984375000e+03  1.5175885200500488e+01
2.34995398  -3.8824677734375000e+03  1.5176471710205078e+01
2.37038837  -3.8134455566406250e+03  1.5176883697509766e+01
2.39082277  -3.8492082519531250e+03  1.5175202369689941e+01
2.41125716  -3.9058923339843750e+03  1.5176495552062988e+01
2.43169155  -3.9131640625000000e+03  1.5175508499145508e+01
2.45212594  -3.9404035644531250e+03  1.5175311088562012e+01
2.47256044  -3.9636491699218750e+03  1.5174547195434570e+01
2.49299473  -3.9528012695312500e+03  1.5174922943115234e+01
2.51342912  -3.9903520507812500e+03  1.5173226356506348e+01
2.53386362  -4.0249824218750000e+03  1.5175701141357422e+01
2.55429801  -4.0453671875000000e+03  1.5174567222595215e+01
2.57473231  -4.0611623535156250e+03  1.5173093795776367e+01
2.59516680  -4.1069985351562500e+03  1.5175587654113770e+01
2.61560120  -4.0720700683593750e+03  1.5173958778381348e+01
2.63603549  -4.0331481933593750e+03  1.5173469543457031e+01
2.65646999  -4.0526987304687500e+03  1.5174471855163574e+01
2.67690438  -3.9854645996093750e+03  1.5176210403442383e+01
2.69733888  -3.9591193847656250e+03  1.5174661636352539e+01
2.71777317  -3.9232373046875000e+03  1.5175489425659180e+01
2.73820757  -3.8996936035156250e+03  1.5174152374267578e+01
2.75864207  -3.8517712402343750e+03  1.5178312301635742e+01
2.77907636  -3.8495659179687500e+03  1.5177385330200195e+01
2.79951076  -3.8378835449218750e+03  1.5177833557128906e+01
2.81994526  -3.7705302734375000e+03  1.5176152229309082e+01
2.84037956  -3.7602783203125000e+03  1.5174202919006348e+01
2.86081405  -3.6941767578125000e+03  1.5179452896118164e+01
2.88124845  -3.6557316894531250e+03  1.5178719520568848e+01
2.90168275  -3.6048293457031250e+03  1.5180452346801758e+01
2.92211725  -3.5507678222656250e+03  1.5179021835327148e+01
2.94255165  -3.4919382324218750e+03  1.5181125640869141e+01
2.96298595  -3.4728647460937500e+03  1.5180984497070312e+01
2.98342045  -3.4087895507812500e+03  1.5180828094482422e+01
3.00385475  -3.3938288574218750e+03  1.5181262969970703e+01
3.02428915  -3.3437609863281250e+03  1.5182590484619141e+01
3.04472365  -3.3281445312500000e+03  1.5182357788085938e+01
3.06515805  -3.3022761230468750e+03  1.5183016777038574e+01
3.08559245  -3.2481550292968750e+03  1.5183408737182617e+01
3.10602685  -3.2016635742187500e+03  1.5181916236877441e+01
3.12646125  -3.1757951660156250e+03  1.5182256698608398e+01
3.14689565  -3.1511186523437500e+03  1.5182761192321777e+01
3.16733005  -3.1580329589843750e+03  1.5182250976562500e+01
3.18776445  -3.1580329589843750e+03  1.5182989120483398e+01
3.20819896  -3.1942724609375000e+03  1.5183054924011230e+01
3.22863326  -3.1791330566406250e+03  1.5183455467224121e+01
3.24906776  -3.1396745605468750e+03  1.5182210922241211e+01
3.26950216  -3.1785368652343750e+03  1.5183822631835938e+01
3.28993647  -3.1102299804687500e+03  1.5184052467346191e+01
3.31037097  -3.1027197265625000e+03  1.5184387207031250e+01
3.33080537  -3.0725598144531250e+03  1.5184478759765625e+01
3.35123968  -3.0512810058593750e+03  1.5183800697326660e+01
3.37167418  -3.0243991699218750e+03  1.5184927940368652e+01
3.39210859  -2.9572248535156250e+03  1.5186279296875000e+01
3.41254289  -2.9051899414062500e+03  1.5186936378479004e+01
3.43297739  -2.8306840820312500e+03  1.5186702728271484e+01
3.45341180  -2.7572512207031250e+03  1.5189654350280762e+01
3.47384631  -2.6732087402343750e+03  1.5188499450683594e+01
3.49428061  -2.5959611816406250e+03  1.5189572334289551e+01
3.51471502  -2.4774670410156250e+03  1.5189146995544434e+01
3.53514942  -2.4517177734375000e+03  1.5189314842224121e+01
3.55558383  -2.3060441894531250e+03  1.5190779685974121e+01
3.57601824  -2.2174121093750000e+03  1.5191834449768066e+01
3.59645274  -2.1185874023437500e+03  1.5191345214843750e+01
3.61688705  -2.0262598876953125e+03  1.5192191123962402e+01
3.63732156  -1.9425153808593750e+03  1.5192958831787109e+01
3.65775586  -1.8228292236328125e+03  1.5193663597106934e+01
3.67819027  -1.7468929443359375e+03  1.5193188667297363e+01
3.69862478  -1.6955136718750000e+03  1.5194266319274902e+01
3.71905919  -1.6005039062500000e+03  1.5194766044616699e+01
3.73949350  -1.5838145751953125e+03  1.5195552825927734e+01
3.75992800  -1.5013813476562500e+03  1.5195601463317871e+01
3.78036241  -1.4065504150390625e+03  1.5196146011352539e+01
3.80079672  -1.3861656494140625e+03  1.5196412086486816e+01
3.82123123  -1.2696385498046875e+03  1.5196903228759766e+01
3.84166564  -1.2516975097656250e+03  1.5198272705078125e+01
3.86210015  -1.1942386474609375e+03  1.5197851181030273e+01
3.88253446  -1.1554956054687500e+03  1.5197596549987793e+01
3.90296887  -1.0822415771484375e+03  1.5200370788574219e+01
3.92340338  -1.0559559326171875e+03  1.5197684288024902e+01
3.94383769  -9.9849700927734375e+02  1.5199593544006348e+01
3.96427210  -9.3621014404296875e+02  1.5198326110839844e+01
3.98470662  -9.2118975830078125e+02  1.5199464797973633e+01
4.00514093  -8.4513427734375000e+02  1.5199830055236816e+01
4.02557544  -7.7521801757812500e+02  1.5202151298522949e+01
4.04600985  -6.7287683105468750e+02  1.5201905250549316e+01
4.06644416  -6.6196917724609375e+02  1.5200402259826660e+01
4.08687868  -5.8013201904296875e+02  1.5202873229980469e+01
4.10731309  -5.4019689941406250e+02  1.5203675270080566e+01
4.12774740  -4.6163796997070312e+02  1.5202531814575195e+01
4.14818191  -4.0173529052734375e+02  1.5203995704650879e+01
4.16861633  -3.8737057495117188e+02  1.5204717636108398e+01
4.18905074  -2.9557943725585938e+02  1.5205282211303711e+01
4.20948516  -2.5880337524414062e+02  1.5205951690673828e+01
4.22991957  -2.4366378784179688e+02  1.5206483840942383e+01
4.25035398  -1.9615888977050781e+02  1.5205154418945312e+01
4.27078840  -1.7905235290527344e+02  1.5205109596252441e+01
4.29122281  -1.6540289306640625e+02  1.5205540657043457e+01
4.31165723  -1.5181303405761719e+02  1.5206281661987305e+01
4.33209164  -1.1241436004638672e+02  1.5207717895507812e+01
4.35252606  -1.3452767944335938e+02  1.5206517219543457e+01
4.37296058  -1.0937452697753906e+02  1.5205704689025879e+01
4.39339489  -6.1035156250000000e+01  1.5207994461059570e+01
4.41382941  -8.2492828369140625e+01  1.5206930160522461e+01
4.43426382  -1.2278556823730469e+01  1.5207623481750488e+01
4.45469814  6.5326690673828125e+01  1.5207935333251953e+01
4.47513266  8.8334083557128906e+01  1.5208078384399414e+01
4.49556708  1.4615058898925781e+02  1.5209216117858887e+01
4.51600139  2.3937225341796875e+02  1.5209405899047852e+01
4.53643591  2.4676322937011719e+02  1.5207941055297852e+01
4.55687033  3.0577182006835938e+02  1.5210688591003418e+01
4.57730465  4.0638446044921875e+02  1.5210988998413086e+01
4.59773917  4.4810772705078125e+02  1.5211369514465332e+01
4.61817359  5.7303906250000000e+02  1.5210886001586914e+01
4.63860810  6.8378448486328125e+02  1.5213274955749512e+01
4.65904242  7.0559979248046875e+02  1.5213134765625000e+01
4.67947684  7.7402593994140625e+02  1.5212039947509766e+01
4.69991136  8.0001354980468750e+02  1.5212658882141113e+01
4.72034568  9.1469287109375000e+02  1.5214050292968750e+01
4.74078010  9.5808508300781250e+02  1.5213366508483887e+01
4.76121462  9.8848339843750000e+02  1.5215574264526367e+01
4.78164894  1.0312795410156250e+03  1.5214710235595703e+01
4.80208346  1.1270046386718750e+03  1.5215944290161133e+01
4.82251789  1.1236667480468750e+03  1.5216172218322754e+01
4.84295231  1.1482238769531250e+03  1.5216405868530273e+01
4.86338673  1.2241601562500000e+03  1.5216755867004395e+01
4.88382105  1.2563466796875000e+03  1.5215919494628906e+01
4.90425547  1.3296604003906250e+03  1.5217389106750488e+01
4.92468999  1.3613701171875000e+03  1.5216571807861328e+01
4.94512442  1.4203786621093750e+03  1.5218943595886230e+01
4.96555874  1.4802218017578125e+03  1.5218250274658203e+01
4.98599326  1.5695095214843750e+03  1.5219524383544922e+01
5.00642769  1.5894174804687500e+03  1.5218541145324707e+01
5.02686221  1.6556978759765625e+03  1.5218909263610840e+01
5.04729653  1.6647576904296875e+03  1.5220005035400391e+01
5.06773096  nan  nan
5.08816548  nan  nan
5.10859981  1.8174648437500000e+03  1.5220721244812012e+01
5.12903423  1.8690823974609375e+03  1.5219759941101074e+01
5.14946876  1.8938779296875000e+03  1.5219487190246582e+01
5.16990308  1.9359588623046875e+03  1.5220517158508301e+01
5.19033761  1.9974708251953125e+03  1.5221602439880371e+01
5.21077203  2.0574331054687500e+03  1.5221309661865234e+01
5.23120636  2.0875930175781250e+03  1.5221804618835449e+01
5.25164088  2.1501779785156250e+03  1.5221819877624512e+01
5.27207531  2.1653176269531250e+03  1.5223084449768066e+01
5.29250964  2.1765231933593750e+03  1.5223424911499023e+01
5.31294416  2.1646022949218750e+03  1.5223004341125488e+01
5.33337859  2.2270678710937500e+03  1.5224160194396973e+01
5.35381292  2.2237299804687500e+03  1.5223226547241211e+01
5.37424744  2.2150278320312500e+03  1.5222632408142090e+01
5.39468187  2.2149086914062500e+03  1.5223661422729492e+01
5.41511640  2.1936894531250000e+03  1.5221923828125000e+01
5.43555073  2.1806955566406250e+03  1.5223924636840820e+01
5.45598516  2.2121667480468750e+03  1.5223438262939453e+01
5.47641959  2.2168159179687500e+03  1.5222670555114746e+01
5.49685401  2.2146701660156250e+03  1.5221577644348145e+01
5.51728844  2.1971464843750000e+03  1.5221764564514160e+01
5.53772287  2.2079943847656250e+03  1.5221988677978516e+01
5.55815730  2.2137165527343750e+03  1.5220730781555176e+01
5.57859183  2.1482705078125000e+03  1.5223168373107910e+01
5.59902626  2.1358728027343750e+03  1.5222202301025391e+01
5.61946059  2.1198986816406250e+03  1.5221805572509766e+01
5.63989512  2.1272897949218750e+03  1.5221419334411621e+01
5.66032955  2.0996333007812500e+03  1.5222874641418457e+01
5.68076388  2.0560026855468750e+03  1.5221219062805176e+01
5.70119842  2.0266771240234375e+03  1.5222288131713867e+01
5.72163285  2.0169019775390625e+03  1.5221816062927246e+01
5.74206718  2.0098686523437500e+03  1.5222649574279785e+01
5.76250171  1.9876956787109375e+03  1.5221938133239746e+01
5.78293614  1.9544362792968750e+03  1.5221770286560059e+01
5.80337068  1.9361972656250000e+03  1.5221834182739258e+01
5.82380501  1.9209384765625000e+03  1.5221385002136230e+01
5.84423944  1.9427537841796875e+03  1.5220799446105957e+01
5.86467397  1.9031762695312500e+03  1.5221316337585449e+01
5.88510831  1.9061564941406250e+03  1.5221262931823730e+01
5.90554274  1.9178391113281250e+03  1.5221796989440918e+01
5.92597727  1.8614530029296875e+03  1.5221295356750488e+01
5.94641161  1.8380880126953125e+03  1.5220477104187012e+01
5.96684614  1.7695427246093750e+03  1.5220952987670898e+01
5.98728058  1.7780065917968750e+03  1.5219887733459473e+01
6.00771501  1.7342567138671875e+03  1.5220242500305176e+01
6.02814945  1.6732215576171875e+03  1.5218088150024414e+01
6.04858388  1.6235113525390625e+03  1.5220817565917969e+01
6.06901832  1.5649794921875000e+03  1.5218842506408691e+01
6.08945275  1.4721154785156250e+03  1.5218573570251465e+01
6.10988719  1.4278889160156250e+03  1.5219222068786621e+01
6.13032162  1.3262033691406250e+03  1.5216918945312500e+01
6.15075606  1.1943579101562500e+03  1.5217835426330566e+01
6.17119050  1.1249780273437500e+03  1.5216770172119141e+01
6.19162493  1.0266303710937500e+03  1.5214828491210938e+01
6.21205937  9.5653533935546875e+02  1.5215411186218262e+01
6.23249381  8.4733959960937500e+02  1.5214262962341309e+01
6.25292835  7.8380108642578125e+02  1.5213349342346191e+01
6.27336268  6.9820880126953125e+02  1.5213119506835938e+01
6.29379712  5.9926507568359375e+02  1.5212937355041504e+01
6.31423166  5.3358081054687500e+02  1.5212722778320312e+01
6.33466600  4.3153762817382812e+02  1.5211800575256348e+01
6.35510044  3.6239624023437500e+02  1.5209127426147461e+01
6.37553497  2.5558471679687500e+02  1.5209486961364746e+01
6.39596931  1.9347668457031250e+02  1.5210173606872559e+01
6.41640385  1.0538101196289062e+02  1.5210289955139160e+01
6.43683829  4.3153762817382812e+01  1.5207158088684082e+01
6.45727263  -6.3061714172363281e+01  1.5208192825317383e+01
6.47770717  -9.7930435180664062e+01  1.5205662727355957e+01
6.49814161  -2.4795532226562500e+02  1.5204663276672363e+01
6.51857595  -3.5601855468750000e+02  1.5207751274108887e+01
6.53901049  -4.1753054809570312e+02  1.5205162048339844e+01
6.55944493  -5.5581329345703125e+02  1.5205063819885254e+01
6.57987947  -6.5624713134765625e+02  1.5205654144287109e+01
6.60031382  -7.9429150390625000e+02  1.5203614234924316e+01
6.62074826  -8.8387725830078125e+02  1.5204240798950195e+01
6.64118280  -1.0057687988281250e+03  1.5201967239379883e+01
6.66161714  -1.1952519531250000e+03  1.5200877189636230e+01
6.68205158  -1.2915729980468750e+03  1.5201707839965820e+01
6.70248613  -1.4126896972656250e+03  1.5200440406799316e+01
6.72292057  -1.5494822998046875e+03  1.5197565078735352e+01
6.74335491  -1.6753673095703125e+03  1.5196867942810059e+01
6.76378945  -1.7823576660156250e+03  1.5196251869201660e+01
6.78422380  -1.9404887695312500e+03  1.5195907592773438e+01
6.80465834  -2.0710825195312500e+03  1.5195431709289551e+01
6.82509279  -2.1668671875000000e+03  1.5193453788757324e+01
6.84552713  -2.3313164062500000e+03  1.5193972587585449e+01
6.86596167  -2.4511218261718750e+03  1.5193819046020508e+01
6.88639612  -2.5614499511718750e+03  1.5192743301391602e+01
6.90683046  -2.6506782226562500e+03  1.5192122459411621e+01
6.92726501  -2.7498007812500000e+03  1.5191043853759766e+01
6.94769945  -2.8550625000000000e+03  1.5190883636474609e+01
6.96813400  -2.9706359863281250e+03  1.5190194129943848e+01
6.98856834  -3.0236245117187500e+03  1.5190706253051758e+01
7.00900279  -3.1924843750000000e+03  1.5188363075256348e+01
7.02943734  -3.2755732421875000e+03  1.5187948226928711e+01
7.04987168  -3.3655166015625000e+03  1.5188107490539551e+01
7.07030613  -3.4633278808593750e+03  1.5187040328979492e+01
7.09074068  -3.5995244140625000e+03  1.5185408592224121e+01
7.11117502  -3.7170649414062500e+03  1.5185329437255859e+01
7.13160947  -3.8520693359375000e+03  1.5185198783874512e+01
7.15204402  -3.9235949707031250e+03  1.5183506965637207e+01
7.17247836  -4.0651560058593750e+03  1.5183079719543457e+01
7.19291291  -4.1701791992187500e+03  1.5182493209838867e+01
7.21334736  -4.2399169921875000e+03  1.5181338310241699e+01
7.23378181  -4.3262241210937500e+03  1.5180324554443359e+01
7.25421626  -4.4422744140625000e+03  1.5180834770202637e+01
7.27465071  -4.5488476562500000e+03  1.5179297447204590e+01
7.29508515  -4.6159028320312500e+03  1.5178472518920898e+01
7.31551960  -4.6998857421875000e+03  1.5178943634033203e+01
7.33595405  -4.7688486328125000e+03  1.5178064346313477e+01
7.35638860  -4.8350097656250000e+03  1.5178068161010742e+01
7.37682305  -4.8981308593750000e+03  1.5175856590270996e+01
7.39725740  -4.9458144531250000e+03  1.5176554679870605e+01
7.41769195  -4.9938559570312500e+03  1.5177345275878906e+01
7.43812630  -5.0522685546875000e+03  1.5174033164978027e+01
7.45856075  -5.0729511718750000e+03  1.5175127029418945e+01
7.47899531  -5.1034687500000000e+03  1.5174968719482422e+01
7.49942966  -5.0622226562500000e+03  1.5176747322082520e+01
7.51986411  -5.0741435546875000e+03  1.5175881385803223e+01
7.54029866  -5.0827265625000000e+03  1.5176111221313477e+01
7.56073301  -4.9729345703125000e+03  1.5176820755004883e+01
7.58116756  -5.0089360351562500e+03  1.5175504684448242e+01
7.60160202  -4.9313305664062500e+03  1.5177689552307129e+01
7.62203637  -4.8894882812500000e+03  1.5178947448730469e+01
7.64247092  -4.8564077148437500e+03  1.5177459716796875e+01
7.66290537  -4.7672988281250000e+03  1.5178980827331543e+01
7.68333973  -4.7151445312500000e+03  1.5178849220275879e+01
7.70377428  -4.6471357421875000e+03  1.5178189277648926e+01
7.72420873  -4.5583247070312500e+03  1.5179618835449219e+01
7.74464329  -4.4589042968750000e+03  1.5179768562316895e+01
7.76507764  -4.3833852539062500e+03  1.5181967735290527e+01
7.78551210  -4.2606591796875000e+03  1.5181264877319336e+01
7.80594665  -4.1005014648437500e+03  1.5182543754577637e+01
7.82638101  -3.9798022460937500e+03  1.5183439254760742e+01
7.84681546  -3.8866997070312500e+03  1.5184280395507812e+01
7.86725002  -3.7564038085937500e+03  1.5183437347412109e+01
7.88768447  -3.6957263183593750e+03  1.5185191154479980e+01
7.90811883  -3.6087631835937500e+03  1.5185422897338867e+01
7.92855338  -3.4874677734375000e+03  1.5185845375061035e+01
7.94898784  -3.4032463378906250e+03  1.5187316894531250e+01
7.96942229  -3.2913088378906250e+03  1.5187745094299316e+01
7.98985675  -3.1636953125000000e+03  1.5188801765441895e+01
8.01029121  -3.0584335937500000e+03  1.5188728332519531e+01
8.03072566  -2.9247402343750000e+03  1.5189427375793457e+01
8.05116012  -2.8434396972656250e+03  1.5190981864929199e+01
8.07159448  nan  nan
8.09202904  -2.5753378906250000e+03  1.5190412521362305e+01
8.11246349  -2.5119780273437500e+03  1.5193089485168457e+01
8.13289805  -2.4524926757812500e+03  1.5194644927978516e+01
8.15333241  -2.3193955078125000e+03  1.5193800926208496e+01
8.17376687  -2.2227167968750000e+03  1.5194501876831055e+01
8.19420143  -2.0901560058593750e+03  1.5195017814636230e+01
8.21463579  -1.9537806396484375e+03  1.5196662902832031e+01
8.23507025  -1.8562674560546875e+03  1.5196679115295410e+01
8.25550481  -1.7634630126953125e+03  1.5197266578674316e+01
8.27593917  -1.6379356689453125e+03  1.5198747634887695e+01
8.29637362  nan  nan
8.31680818  -1.3672113037109375e+03  1.5201106071472168e+01
8.33724255  -1.2370347900390625e+03  1.5199101448059082e+01
8.35767711  -1.1401772460937500e+03  1.5203703880310059e+01
8.37811157  -1.0219216308593750e+03  1.5202379226684570e+01
8.39854593  -8.8477136230468750e+02  1.5204528808593750e+01
8.41898049  -7.7623126220703125e+02  1.5204025268554688e+01
8.43941495  -6.9457293701171875e+02  1.5203114509582520e+01
8.45984941  -5.2857397460937500e+02  1.5206942558288574e+01
8.48028387  -3.4677981567382812e+02  1.5208480834960938e+01
8.50071833  -2.4265051269531250e+02  1.5209162712097168e+01
8.52115290  -1.1211633300781250e+02  1.5207695007324219e+01
8.54158726  3.2663345336914062e+01  1.5209968566894531e+01
8.56202172  1.8870831298828125e+02  1.5210505485534668e+01
8.58245628  3.6084652709960938e+02  1.5212012290954590e+01
8.60289075  5.2452087402343750e+02  1.5213033676147461e+01
8.62332511  6.9284436035156250e+02  1.5214421272277832e+01
8.64375967  8.2266333007812500e+02  1.5214545249938965e+01
8.66419414  1.0026693115234375e+03  1.5215050697326660e+01
8.68462850  1.2176036376953125e+03  1.5215148925781250e+01
8.70506307  1.3893842773437500e+03  1.5218134880065918e+01
8.72549743  1.5664100341796875e+03  1.5218992233276367e+01
8.74593199  1.8159151611328125e+03  1.5221874237060547e+01
8.76636646  1.9757747802734375e+03  1.5220792770385742e+01
8.78680082  2.1939277343750000e+03  1.5223115921020508e+01
8.80723539  2.4482011718750000e+03  1.5225193023681641e+01
8.82766986  2.6524067382812500e+03  1.5224988937377930e+01
8.84810422  2.8307438964843750e+03  1.5226760864257812e+01
8.86853879  3.0614138183593750e+03  1.5229326248168945e+01
8.88897325  3.2527446289062500e+03  1.5229220390319824e+01
8.90940782  3.4569501953125000e+03  1.5231706619262695e+01
8.92984219  3.6935805664062500e+03  1.5233304023742676e+01
8.95027665  3.8713217773437500e+03  1.5234763145446777e+01
8.97071122  4.0531157226562500e+03  1.5233993530273438e+01
8.99114559  4.2210815429687500e+03  1.5237006187438965e+01
9.01158005  4.4400693359375000e+03  1.5238883972167969e+01
9.03201462  4.5336484375000000e+03  1.5239345550537109e+01
9.05244899  4.6985151367187500e+03  1.5239425659179688e+01
9.07288346  4.8640966796875000e+03  1.5240921020507812e+01
9.09331803  4.9461127929687500e+03  1.5243030548095703e+01
9.11375249  5.1271914062500000e+03  1.5243347167968750e+01
9.13418696  5.1988364257812500e+03  1.5241991996765137e+01
9.15462143  5.3428413085937500e+03  1.5243178367614746e+01
9.17505590  5.4529907226562500e+03  1.5242728233337402e+01
9.19549037  5.5000781250000000e+03  1.5245299339294434e+01
9.21592484  5.6247709960937500e+03  1.5246627807617188e+01
9.23635931  5.6619643554687500e+03  1.5246622085571289e+01
9.25679378  5.7665107421875000e+03  1.5244885444641113e+01
9.27722825  5.7867763671875000e+03  1.5246562004089355e+01
9.29766282  5.8678388671875000e+03  1.5247190475463867e+01
9.31809729  5.8791635742187500e+03  1.5246466636657715e+01
9.33853166  5.9553383789062500e+03  1.5248478889465332e+01
9.35896623  6.0131547851562500e+03  1.5246380805969238e+01
9.37940060  6.0549975585937500e+03  1.5247900962829590e+01
9.39983507  6.0403344726562500e+03  1.5247782707214355e+01
9.42026965  6.0406923828125000e+03  1.5247901916503906e+01
9.44070402  6.0484409179687500e+03  1.5247475624084473e+01
9.46113849  nan  nan
9.48157306  5.9999228515625000e+03  1.5246972084045410e+01
9.50200743  5.9212446289062500e+03  1.5246237754821777e+01
9.52244201  5.8809516601562500e+03  1.5245691299438477e+01
9.54287648  5.8218242187500000e+03  1.5243359565734863e+01
9.56331085  5.7414770507812500e+03  1.5245233535766602e+01
9.58374543  5.6432485351562500e+03  1.5243492126464844e+01
9.60417990  5.5296420898437500e+03  1.5243806838989258e+01
9.62461437  5.4295063476562500e+03  1.5243113517761230e+01
9.64504885  5.2982568359375000e+03  1.5242290496826172e+01
9.66548332  5.1730869140625000e+03  1.5240843772888184e+01
9.68591780  5.0249101562500000e+03  1.5240277290344238e+01
9.70635227  4.8937797851562500e+03  1.5238347053527832e+01
9.72678674  4.7559736328125000e+03  1.5239274024963379e+01
9.74722132  4.5566557617187500e+03  1.5236883163452148e+01
9.76765579  4.3673515625000000e+03  1.5235927581787109e+01
9.78809017  4.1936635742187500e+03  1.5233970642089844e+01
9.80852475  3.9851665039062500e+03  1.5234541893005371e+01
9.82895922  3.7984848632812500e+03  1.5229718208312988e+01
9.84939360  3.6020278320312500e+03  1.5232050895690918e+01
9.86982817  3.4112929687500000e+03  1.5230402946472168e+01
9.89026265  3.2418967285156250e+03  1.5229816436767578e+01
9.91069713  3.0194521484375000e+03  1.5227705001831055e+01
9.93113160  2.8634072265625000e+03  1.5226833343505859e+01
9.95156608  2.6609897460937500e+03  1.5225115776062012e+01
9.97200056  2.4664401855468750e+03  1.5224591255187988e+01
9.99243504  2.3015737304687500e+03  1.5220996856689453e+01
10.01286941  2.1535158691406250e+03  1.5221220970153809e+01
10.03330399  1.9230842285156250e+03  1.5218380928039551e+01
10.05373847  1.7534494628906250e+03  1.5217423439025879e+01
10.07417285  1.5977620849609375e+03  1.5217033386230469e+01
10.09460743  1.4650821533203125e+03  1.5215525627136230e+01
10.11504191  1.3142824707031250e+03  1.5214177131652832e+01
10.13547648  1.1919736328125000e+03  1.5214640617370605e+01
10.15591086  1.0076761474609375e+03  1.5213937759399414e+01
10.17634534  8.7082385253906250e+02  1.5211261749267578e+01
10.19677992  7.1811676025390625e+02  1.5211238861083984e+01
10.21721430  5.7315826416015625e+02  1.5209845542907715e+01
10.23764878  4.3916702270507812e+02  1.5207601547241211e+01
10.25808336  3.0016900634765625e+02  1.5207785606384277e+01
10.27851784  1.7154217529296875e+02  1.5208433151245117e+01
10.29895232  3.5285949707031250e+01  1.5206060409545898e+01
10.31938680  -1.1223554992675781e+02  1.5203712463378906e+01
10.33982129  -2.3591519165039062e+02  1.5204725265502930e+01
10.36025577  -3.5506488037109375e+02  1.5203246116638184e+01
10.38069025  -5.1540136718750000e+02  1.5203459739685059e+01
10.40112473  -5.8788061523437500e+02  1.5202871322631836e+01
10.42155921  -7.1293115234375000e+02  1.5199355125427246e+01
10.44199369  -8.3893536376953125e+02  1.5200203895568848e+01
10.46242818  -9.7316503906250000e+02  1.5198408126831055e+01
10.48286276  -1.0610819091796875e+03  1.5196225166320801e+01
10.50329714  -1.1876225585937500e+03  1.5197528839111328e+01
10.52373172  -1.3006329345703125e+03  1.5197746276855469e+01
10.54416611  -1.3969541015625000e+03  1.5195642471313477e+01
10.56460059  -1.5355349121093750e+03  1.5194265365600586e+01
10.58503517  nan  nan
10.60546956  -1.7077922363281250e+03  1.5194855690002441e+01
10.62590404  -1.8524527587890625e+03  1.5191997528076172e+01
10.64633863  -1.9531250000000000e+03  1.5191871643066406e+01
10.66677301  -2.1162629394531250e+03  1.5191711425781250e+01
10.68720759  -2.2084711914062500e+03  1.5190630912780762e+01
10.70764208  -2.3194550781250000e+03  1.5191911697387695e+01
10.72807646  -2.4291872558593750e+03  1.5191714286804199e+01
10.74851105  -2.5555490722656250e+03  1.5190011024475098e+01
10.76894553  -2.6631354980468750e+03  1.5187507629394531e+01
10.78937992  -2.7372241210937500e+03  1.5188189506530762e+01
10.80981451  -2.8561352539062500e+03  1.5186363220214844e+01
10.83024899  -2.9771328125000000e+03  1.5184953689575195e+01
10.85068348  -3.0815004882812500e+03  1.5184849739074707e+01
10.87111796  -3.1821728515625000e+03  1.5185383796691895e+01
10.89155245  -3.2718181152343750e+03  1.5183358192443848e+01
10.91198704  -3.3503771972656250e+03  1.5183173179626465e+01
10.93242152  -3.4339428710937500e+03  1.5180408477783203e+01
10.95285591  -3.4939645996093750e+03  1.5184548377990723e+01
10.97329050  -3.5620927734375000e+03  1.5182685852050781e+01
10.99372499  -3.6393403320312500e+03  1.5181191444396973e+01
11.01415937  -3.7190913085937500e+03  1.5180775642395020e+01
11.03459396  -3.7820935058593750e+03  1.5180747032165527e+01
11.05502845  nan  nan
11.07546304  -3.8259626464843750e+03  1.5181498527526855e+01
11.09589743  -3.8555859375000000e+03  1.5178828239440918e+01
11.11633192  -3.8529633789062500e+03  1.5179883003234863e+01
11.13676651  -3.8284658203125000e+03  1.5180362701416016e+01
11.15720089  -3.7664770507812500e+03  1.5181710243225098e+01
11.17763538  -3.8036704101562500e+03  1.5178731918334961e+01
11.19806987  -3.8154125976562500e+03  1.5180238723754883e+01
11.21850436  -3.7500859375000000e+03  1.5181252479553223e+01
11.23893885  -3.7491320800781250e+03  1.5180279731750488e+01
11.25937334  -3.7016271972656250e+03  1.5182802200317383e+01
11.27980783  -3.6780239257812500e+03  1.5180387496948242e+01
11.30024242  -3.6668776855468750e+03  1.5180867195129395e+01
11.32067682  -3.6045312500000000e+03  1.5180483818054199e+01
11.34111131  -3.4956931152343750e+03  1.5182469367980957e+01
11.36154590  -3.4303068847656250e+03  1.5182167053222656e+01
11.38198029  -3.2945275878906250e+03  1.5183445930480957e+01
11.40241478  -3.1557678222656250e+03  1.5185535430908203e+01
11.42284937  -3.0614733886718750e+03  1.5185195922851562e+01
11.44328376  -2.8790234375000000e+03  1.5183472633361816e+01
11.46371836  -2.7562976074218750e+03  1.5186330795288086e+01
11.48415285  -2.6387573242187500e+03  1.5187178611755371e+01
11.50458734  -2.5199055175781250e+03  1.5187806129455566e+01
11.52502183  -2.3536682128906250e+03  1.5190160751342773e+01
11.54545633  -2.1430849609375000e+03  1.5189256668090820e+01
11.56589082  -2.0188093261718750e+03  1.5191268920898438e+01
11.58632531  -1.9028782958984375e+03  1.5191204071044922e+01
11.60675981  -1.7120241699218750e+03  1.5192059516906738e+01
11.62719430  -1.6630887451171875e+03  1.5191858291625977e+01
11.64762890  -1.5149116210937500e+03  1.5194366455078125e+01
11.66806329  -1.3876557617187500e+03  1.5194019317626953e+01
11.68849788  -1.3035535888671875e+03  1.5195137023925781e+01
11.70893238  -1.2109279785156250e+03  1.5195052146911621e+01
11.72936677  -1.0781884765625000e+03  1.5198175430297852e+01
11.74980137  -9.8156927490234375e+02  1.5196608543395996e+01
11.77023586  -8.6373089599609375e+02  1.5198597908020020e+01
11.79067026  -8.2820654296875000e+02  1.5198425292968750e+01
11.81110486  -6.7377087402343750e+02  1.5198522567749023e+01
11.83153935  -5.6952239990234375e+02  1.5199569702148438e+01
11.85197375  -4.6133996582031250e+02  1.5201282501220703e+01
11.87240834  -4.4721365356445312e+02  1.5200507164001465e+01
11.89284274  -3.7115811157226562e+02  1.5202195167541504e+01
11.91327734  -2.5880337524414062e+02  1.5202037811279297e+01
11.93371183  -2.2459030151367188e+02  1.5203901290893555e+01
11.95414623  -1.4966726684570312e+02  1.5203384399414062e+01
11.97458083  -7.1704391479492188e+01  1.5202219963073730e+01
11.99501533  2.7418136596679688e+00  1.5203051567077637e+01
12.01544982  9.8466873168945312e+01  1.5202164649963379e+01
12.03588432  1.6736984252929688e+02  1.5203513145446777e+01
12.05631882  2.9683111572265625e+02  1.5204442024230957e+01
12.07675342  3.5905838012695312e+02  1.5205027580261230e+01
12.09718782  4.4238568115234375e+02  1.5206586837768555e+01
12.11762231  5.0163269042968750e+02  1.5205521583557129e+01
12.13805691  6.0641766357421875e+02  1.5204568862915039e+01
12.15849141  6.5708160400390625e+02  1.5207387924194336e+01
12.17892581  7.2062017822265625e+02  1.5204069137573242e+01
12.19936041  7.7021124267578125e+02  1.5207647323608398e+01
12.21979491  8.4435937500000000e+02  1.5208286285400391e+01
12.24022931  8.7392327880859375e+02  1.5208566665649414e+01
12.26066391  9.7095965576171875e+02  1.5209980010986328e+01
12.28109841  1.0032653808593750e+03  1.5207549095153809e+01
12.30153301  1.0665655517578125e+03  1.5205910682678223e+01
12.32196741  1.1357069091796875e+03  1.5209311485290527e+01
12.34240191  nan  nan
12.36283651  1.2400150146484375e+03  1.5208954811096191e+01
12.38327091  1.2490749511718750e+03  1.5209992408752441e+01
12.40370541  1.2902021484375000e+03  1.5212086677551270e+01
12.42414002  1.3169050292968750e+03  1.5209390640258789e+01
12.44457442  1.4146566162109375e+03  1.5210704803466797e+01
12.46500902  1.3782978515625000e+03  1.5209027290344238e+01
12.48544342  1.4436245117187500e+03  1.5211503028869629e+01
12.50587792  1.4690161132812500e+03  1.5210388183593750e+01
12.52631253  1.5012026367187500e+03  1.5207909584045410e+01
12.54674693  1.5245676269531250e+03  1.5210492134094238e+01
12.56718143  1.5238522949218750e+03  1.5211276054382324e+01
12.58761604  1.5825032958984375e+03  1.5213201522827148e+01
12.60805044  1.5481710205078125e+03  1.5213393211364746e+01
12.62848494  1.5614033203125000e+03  1.5211164474487305e+01
12.64891955  1.5435218505859375e+03  1.5209221839904785e+01
12.66935395  1.5830993652343750e+03  1.5211358070373535e+01
12.68978855  1.4878511962890625e+03  1.5211656570434570e+01
12.71022306  1.5227794189453125e+03  1.5211685180664062e+01
12.73065756  1.5021562500000000e+03  1.5212751388549805e+01
12.75109207  1.4275312500000000e+03  1.5212488174438477e+01
12.77152657  1.4195441894531250e+03  1.5211656570434570e+01
12.79196108  1.3928413085937500e+03  1.5210536003112793e+01
12.81239568  1.3378858642578125e+03  1.5210663795471191e+01
12.83283009  1.3294219970703125e+03  1.5209556579589844e+01
12.85326469  1.2878179931640625e+03  1.5208767890930176e+01
12.87369920  1.2731552734375000e+03  1.5209621429443359e+01
12.89413361  1.2648105468750000e+03  1.5208743095397949e+01
12.91456821  1.2137889404296875e+03  1.5206098556518555e+01
12.93500272  1.1659860839843750e+03  1.5207322120666504e+01
12.95543712  1.1714697265625000e+03  1.5208316802978516e+01
12.97587173  1.1473894042968750e+03  1.5207832336425781e+01
12.99630624  1.1557340087890625e+03  1.5208855628967285e+01
13.01674065  1.1826754150390625e+03  1.5207935333251953e+01
13.03717525  1.1928081054687500e+03  1.5206658363342285e+01
13.05760976  1.2059211425781250e+03  1.5206809997558594e+01
13.07804437  1.1798143310546875e+03  1.5205334663391113e+01
13.09847878  1.1705159912109375e+03  1.5209904670715332e+01
13.11891328  1.1802911376953125e+03  1.5210710525512695e+01
13.13934779  1.2154578857421875e+03  1.5208462715148926e+01
13.15978230  1.1966228027343750e+03  1.5209130287170410e+01
13.18021681  1.2514591064453125e+03  1.5208113670349121e+01
13.20065132  1.2325048828125000e+03  1.5209095001220703e+01
13.22108583  1.2475252685546875e+03  1.5207135200500488e+01
13.24152044  1.2984276123046875e+03  1.5207693099975586e+01
13.26195485  1.3450384521484375e+03  1.5207644462585449e+01
13.28238936  1.3587474365234375e+03  1.5206125259399414e+01
13.30282397  1.3767480468750000e+03  1.5209869384765625e+01
13.32325848  1.4078616943359375e+03  1.5207861900329590e+01
13.34369289  1.4144182128906250e+03  1.5209562301635742e+01
13.36412750  1.4543532714843750e+03  1.5208105087280273e+01
13.38456201  1.4387369384765625e+03  1.5211220741271973e+01
13.40499642  1.4704465332031250e+03  1.5209622383117676e+01
13.42543103  1.4734267578125000e+03  1.5209173202514648e+01
13.44586554  1.4936923828125000e+03  1.5211098670959473e+01
13.46630005  1.5208720703125000e+03  1.5209747314453125e+01
13.48673456  1.4836788330078125e+03  1.5209672927856445e+01
13.50716907  1.5009641113281250e+03  1.5211281776428223e+01
13.52760369  1.5242099609375000e+03  1.5211568832397461e+01
13.54803810  1.4984608154296875e+03  1.5210611343383789e+01
13.56847261  1.4923811035156250e+03  1.5211312294006348e+01
13.58890722  1.5116929931640625e+03  1.5207334518432617e+01
13.60934164  1.5008449707031250e+03  1.5209709167480469e+01
13.62977615  1.4458895263671875e+03  1.5209136009216309e+01
13.65021076  1.4377832031250000e+03  1.5209504127502441e+01
13.67064518  1.4182329101562500e+03  1.5206993103027344e+01
13.69107979  1.3818740234375000e+03  1.5206870079040527e+01
13.71151430  1.3365745849609375e+03  1.5207095146179199e+01
13.73194872  1.2935400390625000e+03  1.5207200050354004e+01
13.75238333  1.2205838623046875e+03  1.5206563949584961e+01
13.77281784  1.1979342041015625e+03  1.5202903747558594e+01
13.79325226  1.0931491699218750e+03  1.5205964088439941e+01
13.81368687  1.0406971435546875e+03  1.5203416824340820e+01
13.83412129  1.0265112304687500e+03  1.5203930854797363e+01
13.85455590  9.3841552734375000e+02  1.5203786849975586e+01
13.87499042  9.1254711914062500e+02  1.5203185081481934e+01
13.89542493  8.1992150878906250e+02  1.5202703475952148e+01
13.91585945  7.3754785156250000e+02  1.5201043128967285e+01
13.93629396  6.9153308105468750e+02  1.5199924468994141e+01
13.95672848  5.9950354003906250e+02  1.5200816154479980e+01
13.97716300  5.3918359375000000e+02  1.5201067924499512e+01
13.99759751  4.4548510742187500e+02  1.5198364257812500e+01
14.01803203  4.1532516479492188e+02  1.5197862625122070e+01
14.03846665  nan  nan
14.05890106  2.6702880859375000e+02  1.5196679115295410e+01
14.07933568  2.0885467529296875e+02  1.5197691917419434e+01
14.09977020  1.5759468078613281e+02  1.5199593544006348e+01
14.12020461  1.2493133544921875e+02  1.5197712898254395e+01
14.14063923  2.3484230041503906e+01  1.5197405815124512e+01
14.16107375  -3.4570693969726562e+01  1.5195888519287109e+01
14.18150817  -9.4294548034667969e+01  1.5197309494018555e+01
14.20194279  -1.2046098327636719e+02  1.5199400901794434e+01
14.22237730  -1.6814469909667969e+02  1.5196903228759766e+01
14.24281192  -2.0337104797363281e+02  1.5195616722106934e+01
14.26324634  -2.3233889770507812e+02  1.5196161270141602e+01
14.28368086  -2.5588273620605469e+02  1.5196994781494141e+01
14.30411548  -3.2901763916015625e+02  1.5196257591247559e+01
14.32454990  -4.2337179565429688e+02  1.5195278167724609e+01
14.34498442  -4.6926736450195312e+02  1.5193524360656738e+01
14.36541894  -5.4061413574218750e+02  1.5197383880615234e+01
14.38585346  -6.8068505859375000e+02  1.5195109367370605e+01
14.40628798  -7.5638293457031250e+02  1.5191964149475098e+01
14.42672250  -9.1373919677734375e+02  1.5190552711486816e+01
14.44715702  -9.9915264892578125e+02  1.5191891670227051e+01
14.46759164  -1.0836719970703125e+03  1.5192058563232422e+01
14.48802606  -1.2103319091796875e+03  1.5189789772033691e+01
14.50846058  -1.2754797363281250e+03  1.5190738677978516e+01
14.52889520  -1.3898015136718750e+03  1.5186575889587402e+01
14.54932972  -1.4674067382812500e+03  1.5188851356506348e+01
14.56976414  -1.5298724365234375e+03  1.5188222885131836e+01
14.59019876  -1.6143918457031250e+03  1.5187876701354980e+01
14.61063329  -1.7122625732421875e+03  1.5187219619750977e+01
14.63106781  -1.7421842041015625e+03  1.5187765121459961e+01
14.65150233  -1.8076300048828125e+03  1.5185330390930176e+01
14.67193685  -1.9015073242187500e+03  1.5186573028564453e+01
14.69237148  -1.9684433593750000e+03  1.5186227798461914e+01
14.71280590  -2.0049810791015625e+03  1.5184593200683594e+01
14.73324042  -2.0824074707031250e+03  1.5183576583862305e+01
14.75367504  -2.1348596191406250e+03  1.5184791564941406e+01
14.77410947  -2.2405385742187500e+03  1.5182629585266113e+01
14.79454399  -2.3103952636718750e+03  1.5183808326721191e+01
14.81497861  -2.3421645507812500e+03  1.5182564735412598e+01
14.83541304  -2.3944377441406250e+03  1.5180278778076172e+01
14.85584766  -2.4464130859375000e+03  1.5180284500122070e+01
14.87628219  -2.4812817382812500e+03  1.5181399345397949e+01
14.89671661  -2.5355219726562500e+03  1.5181244850158691e+01
14.91715123  -2.5000571289062500e+03  1.5180521011352539e+01
14.93758576  -2.5253891601562500e+03  1.5179010391235352e+01
14.95802018  -2.5599599609375000e+03  1.5178914070129395e+01
14.97845481  -2.5448798828125000e+03  1.5180107116699219e+01
14.99888933  -2.5320649414062500e+03  1.5177477836608887e+01
15.01932386  -2.5404096679687500e+03  1.5179137229919434e+01
15.03975839  -2.5333166503906250e+03  1.5180197715759277e+01
15.06019291  -2.5309919433593750e+03  1.5180385589599609e+01
15.08062744  -2.5314091796875000e+03  1.5179841995239258e+01
15.10106196  -2.5042890625000000e+03  1.5180672645568848e+01
15.12149649  -2.4910568847656250e+03  1.5179368972778320e+01
15.14193102  -2.5363564453125000e+03  1.5179390907287598e+01
15.16236554  -2.5000571289062500e+03  1.5182593345642090e+01
15.18280007  -2.5578142089843750e+03  1.5183185577392578e+01
15.20323470  -2.4690627441406250e+03  1.5180718421936035e+01
15.22366912  -2.4976730957031250e+03  1.5180964469909668e+01
15.24410375  -2.4666787109375000e+03  1.5182235717773438e+01
15.26453828  -2.4160146484375000e+03  1.5179865837097168e+01
15.28497271  -2.4114250488281250e+03  1.5182015419006348e+01
15.30540733  -2.3747683105468750e+03  1.5177474021911621e+01
15.32584186  -2.3384094238281250e+03  1.5180480957031250e+01
15.34627629  -2.3062824707031250e+03  1.5180309295654297e+01
15.36671092  -2.2563337402343750e+03  1.5182167053222656e+01
15.38714545  -2.1579265136718750e+03  1.5182500839233398e+01
15.40758008  -2.0663142089843750e+03  1.5182477951049805e+01
15.42801451  -2.0045041503906250e+03  1.5183892250061035e+01
15.44844904  -1.8544196777343750e+03  1.5183695793151855e+01
15.46888366  -1.7608404541015625e+03  1.5184842109680176e+01
15.48931809  -1.6404390869140625e+03  1.5184112548828125e+01
15.50975262  -1.5242695312500000e+03  1.5188405036926270e+01
15.53018725  -1.4063120117187500e+03  1.5187199592590332e+01
15.55062168  -1.2798309326171875e+03  1.5188694953918457e+01
15.57105621  -1.2012719726562500e+03  1.5188923835754395e+01
15.59149084  -1.0575056152343750e+03  1.5189402580261230e+01
15.61192528  -9.1254711914062500e+02  1.5190491676330566e+01
15.63235991  -8.0263616943359375e+02  1.5188343048095703e+01
15.65279434  -7.3683264160156250e+02  1.5193217277526855e+01
15.67322897  -5.6391955566406250e+02  1.5191427230834961e+01
15.69366350  -4.4167041015625000e+02  1.5191707611083984e+01
15.71409793  -3.4230947875976562e+02  1.5192665100097656e+01
15.73453246  -2.5278329467773438e+02  1.5193547248840332e+01
15.75496709  -1.3238191223144531e+02  1.5195867538452148e+01
15.77540163  6.5565109252929688e+00  1.5198986053466797e+01
15.79583616  1.0931491851806641e+02  1.5199107170104980e+01
15.81627069  2.5558471679687500e+02  1.5198823928833008e+01
15.83670522  3.6239624023437500e+02  1.5199486732482910e+01
15.85713976  4.8208236694335938e+02  1.5200257301330566e+01
15.87757429  6.3109399414062500e+02  1.5202668190002441e+01
15.89800882  7.9214575195312500e+02  1.5203998565673828e+01
15.91844346  9.3972680664062500e+02  1.5203024864196777e+01
15.93887789  1.0885000000000000e+03  1.5204760551452637e+01
15.95931242  1.2712478027343750e+03  1.5203781127929688e+01
15.97974706  1.4353990478515625e+03  1.5205015182495117e+01
16.00018149  1.5817880859375000e+03  1.5207969665527344e+01
16.02061612  1.7681121826171875e+03  1.5206578254699707e+01
16.04105066  1.9432305908203125e+03  1.5209515571594238e+01
16.06148509  2.1147727050781250e+03  1.5207208633422852e+01
16.08191973  2.2377968750000000e+03  1.5208851814270020e+01
16.10235426  nan  nan
16.12278870  2.5620461425781250e+03  1.5210888862609863e+01
16.14322333  2.7240515136718750e+03  1.5215274810791016e+01
16.16365787  2.8382539062500000e+03  1.5213078498840332e+01
16.18409250  2.9631853027343750e+03  1.5215124130249023e+01
16.20452694  3.1149387207031250e+03  1.5216472625732422e+01
16.22496148  3.2335520019531250e+03  1.5217500686645508e+01
16.24539611  3.3756494140625000e+03  1.5217712402343750e+01
16.26583055  3.5132170410156250e+03  1.5219779014587402e+01
16.28626508  3.6106108398437500e+03  1.5221498489379883e+01
16.30669962  3.7468671875000000e+03  1.5220931053161621e+01
16.32713416  3.8560629882812500e+03  1.5221782684326172e+01
16.34756869  3.9261579589843750e+03  1.5222094535827637e+01
16.36800323  4.0409565429687500e+03  1.5223011970520020e+01
16.38843777  4.0919780273437500e+03  1.5222362518310547e+01
16.40887241  4.1702983398437500e+03  1.5224735260009766e+01
16.42930694  4.2842626953125000e+03  1.5223403930664062e+01
16.44974138  4.3412446289062500e+03  1.5225784301757812e+01
16.47017602  4.3901206054687500e+03  1.5225986480712891e+01
16.49061056  4.4218300781250000e+03  1.5224055290222168e+01
16.51104500  4.5202968750000000e+03  1.5221562385559082e+01
16.53147963  4.5299531250000000e+03  1.5224741935729980e+01
16.55191417  4.5629741210937500e+03  1.5224456787109375e+01
16.57234881  4.6149492187500000e+03  1.5223122596740723e+01
16.59278325  4.6840908203125000e+03  1.5223677635192871e+01
16.61321779  4.6916005859375000e+03  1.5224914550781250e+01
16.63365243  4.7388076171875000e+03  1.5227110862731934e+01
16.65408687  4.7805307617187500e+03  1.5226091384887695e+01
16.67452141  4.7985317382812500e+03  1.5225174903869629e+01
16.69495605  4.8263071289062500e+03  1.5227984428405762e+01
16.71539049  4.8993828125000000e+03  1.5228035926818848e+01
16.73582503  4.8885346679687500e+03  1.5226908683776855e+01
16.75625967  4.8981904296875000e+03  1.5226107597351074e+01
16.77669411  4.9000976562500000e+03  1.5228137969970703e+01
16.79712875  4.8711298828125000e+03  1.5227129936218262e+01
16.81756329  4.8602817382812500e+03  1.5227719306945801e+01
16.83799783  4.8911572265625000e+03  1.5227594375610352e+01
16.85843237  4.8809052734375000e+03  1.5227622032165527e+01
16.87886691  4.8694609375000000e+03  1.5226820945739746e+01
16.89930146  4.8376323242187500e+03  1.5225545883178711e+01
16.91973600  4.8162939453125000e+03  1.5227439880371094e+01
16.94017054  4.7936440429687500e+03  1.5227029800415039e+01
16.96060508  4.7645566406250000e+03  1.5224045753479004e+01
16.98103962  4.6910048828125000e+03  1.5222324371337891e+01
17.00147417  4.6300888671875000e+03  1.5223855018615723e+01
17.02190871  nan  nan
17.04234325  4.4913291015625000e+03  1.5226948738098145e+01
17.06277779  4.4003725585937500e+03  1.5226700782775879e+01
17.08321244  4.0620566406250000e+03  1.5227912902832031e+01
17.10364688  4.2387246093750000e+03  1.5223685264587402e+01
17.12408142  4.1666030273437500e+03  1.5221938133239746e+01
17.14451607  4.0121079101562500e+03  1.5223714828491211e+01
17.16495051  4.0378569335937500e+03  1.5222816467285156e+01
17.18538516  3.9241313476562500e+03  1.5222664833068848e+01
17.20581970  3.8250683593750000e+03  1.5221776008605957e+01
17.22625414  3.7615300292968750e+03  1.5221971511840820e+01
17.24668879  3.6643742675781250e+03  1.5219014167785645e+01
17.26712333  3.5958291015625000e+03  1.5218341827392578e+01
17.28755778  3.5275219726562500e+03  1.5219891548156738e+01
17.30799242  3.4418105468750000e+03  1.5217303276062012e+01
17.32842697  3.3298730468750000e+03  1.5214815139770508e+01
17.34886141  3.2683610839843750e+03  1.5217185974121094e+01
17.36929606  3.1999350585937500e+03  1.5215653419494629e+01
17.38973060  3.0944348144531250e+03  1.5213431358337402e+01
17.41016525  3.0773876953125000e+03  1.5214408874511719e+01
17.43059970  2.9919147949218750e+03  1.5213138580322266e+01
17.45103424  2.9307604980468750e+03  1.5213794708251953e+01
17.47146889  2.8928518066406250e+03  1.5214680671691895e+01
17.49190333  2.7923583984375000e+03  1.5211916923522949e+01
17.51233788  2.7434826660156250e+03  1.5212662696838379e+01
17.53277253  2.6518105468750000e+03  1.5212571144104004e+01
17.55320697  2.5544167480468750e+03  1.5212462425231934e+01
17.57364162  2.5393962402343750e+03  1.5211893081665039e+01
17.59407617  2.4677514648437500e+03  1.5211462974548340e+01
17.61451062  2.4483203125000000e+03  1.5210471153259277e+01
17.63494526  2.4242402343750000e+03  1.5210277557373047e+01
17.65537981  2.4034978027343750e+03  1.5211126327514648e+01
17.67581426  2.3715495605468750e+03  1.5210069656372070e+01
17.69624891  2.2984743652343750e+03  1.5210433959960938e+01
17.71668346  2.2660493164062500e+03  1.5210577011108398e+01
17.73711790  2.2481679687500000e+03  1.5210044860839844e+01
17.75755255  2.2088288574218750e+03  1.5210937500000000e+01
17.77798710  2.2137165527343750e+03  1.5209333419799805e+01
17.79842175  2.2224187011718750e+03  1.5209095001220703e+01
17.81885620  2.2155046386718750e+03  1.5211226463317871e+01
17.83929075  2.1802187500000000e+03  1.5209371566772461e+01
17.85972540  2.1724702148437500e+03  1.5208215713500977e+01
17.88015985  2.1905898437500000e+03  1.5211128234863281e+01
17.90059440  2.1789074707031250e+03  1.5211060523986816e+01
17.92102905  2.1524428710937500e+03  1.5208134651184082e+01
17.94146350  2.1830798339843750e+03  1.5209035873413086e+01
17.96189815  2.1859406738281250e+03  1.5209966659545898e+01
17.98233270  2.1878481445312500e+03  1.5209048271179199e+01
18.00276715  2.1508933105468750e+03  1.5209955215454102e+01
18.02320180  2.1536350097656250e+03  1.5209105491638184e+01
18.04363635  2.1071433105468750e+03  1.5208032608032227e+01
18.06407090  2.0788908691406250e+03  1.5207129478454590e+01
18.08450545  2.0881892089843750e+03  1.5207077980041504e+01
18.10494000  2.0015239257812500e+03  1.5207548141479492e+01
18.12537455  1.9781589355468750e+03  1.5207163810729980e+01
18.14580911  1.9395351562500000e+03  1.5207074165344238e+01
18.16624366  1.9338131103515625e+03  1.5204184532165527e+01
18.18667831  1.8380880126953125e+03  1.5201174736022949e+01
18.20711276  1.8184184570312500e+03  1.5204629898071289e+01
18.22754732  1.7881394042968750e+03  1.5203086853027344e+01
18.24798197  1.7551184082031250e+03  1.5204000473022461e+01
18.26841642  1.7076730957031250e+03  1.5202109336853027e+01
18.28885097  1.6937255859375000e+03  1.5204059600830078e+01
18.30928563  1.6767978515625000e+03  1.5204031944274902e+01
18.32972008  1.6196966552734375e+03  1.5202507972717285e+01
18.35015463  1.6028880615234375e+03  1.5203798294067383e+01
18.37058929  1.5718936767578125e+03  1.5201106071472168e+01
18.39102374  1.5652180175781250e+03  1.5201799392700195e+01
18.41145839  1.5505551757812500e+03  1.5200317382812500e+01
18.43189295  1.5405416259765625e+03  1.5201822280883789e+01
18.45232740  1.5486478271484375e+03  1.5202100753784180e+01
18.47276206  1.6049146728515625e+03  1.5202382087707520e+01
18.49319661  1.5720129394531250e+03  1.5203667640686035e+01
18.51363106  1.5988349609375000e+03  1.5202068328857422e+01
18.53406572  1.6489028320312500e+03  1.5205560684204102e+01
18.55450027  1.6382932128906250e+03  1.5203379631042480e+01
18.57493493  1.6472340087890625e+03  1.5203037261962891e+01
18.59536938  1.6573666992187500e+03  1.5201245307922363e+01
18.61580394  1.6838311767578125e+03  1.5202707290649414e+01
18.63623860  1.6933679199218750e+03  1.5204201698303223e+01
18.65667305  1.7188787841796875e+03  1.5203031539916992e+01
18.67710761  1.7597675781250000e+03  1.5203832626342773e+01
18.69754226  1.7554759521484375e+03  1.5205957412719727e+01
18.71797682  1.7727613525390625e+03  1.5205430030822754e+01
18.73841128  1.7787218017578125e+03  1.5204672813415527e+01
18.75884593  1.7746687011718750e+03  1.5206133842468262e+01
18.77928049  1.7939805908203125e+03  1.5205852508544922e+01
18.79971505  1.8160343017578125e+03  1.5204929351806641e+01
18.82014960  1.7786025390625000e+03  1.5204223632812500e+01
18.84058416  1.7918348388671875e+03  1.5206066131591797e+01
18.86101872  1.8125772705078125e+03  1.5204367637634277e+01
18.88145327  1.8111467285156250e+03  1.5202821731567383e+01
18.90188773  1.8552541503906250e+03  1.5203979492187500e+01
18.92232239  1.8806457519531250e+03  1.5203876495361328e+01
18.94275695  1.9093752441406250e+03  1.5205656051635742e+01
18.96319161  1.9563436279296875e+03  1.5204598426818848e+01
18.98362606  1.9383430175781250e+03  1.5206109046936035e+01
19.00406062  1.9983052978515625e+03  1.5204920768737793e+01
19.02449528  2.0375251464843750e+03  1.5205775260925293e+01
19.04492974  2.1039248046875000e+03  1.5205211639404297e+01
19.06536430  2.1239519042968750e+03  1.5205274581909180e+01
19.08579896  2.1265744628906250e+03  1.5206688880920410e+01
19.10623342  2.1816491699218750e+03  1.5204748153686523e+01
19.12666798  2.1994113769531250e+03  1.5206192016601562e+01
19.14710264  2.2841691894531250e+03  1.5206774711608887e+01
19.16753710  2.3398398437500000e+03  1.5209319114685059e+01
19.18797176  2.3674965820312500e+03  1.5209371566772461e+01
19.20840632  2.4584531250000000e+03  1.5210500717163086e+01
19.22884088  2.5149584960937500e+03  1.5211270332336426e+01
19.24927544  2.5957822265625000e+03  1.5210669517517090e+01
19.26971000  2.6475190429687500e+03  1.5210880279541016e+01
19.29014456  2.7252436523437500e+03  1.5212812423706055e+01
19.31057912  2.8010607910156250e+03  1.5213644981384277e+01
19.33101368  2.8768776855468750e+03  1.5213754653930664e+01
19.35144824  2.9685498046875000e+03  1.5212855339050293e+01
19.37188280  3.0399560546875000e+03  1.5212500572204590e+01
19.39231736  3.1063557128906250e+03  1.5213598251342773e+01
19.41275202  3.1920671386718750e+03  1.5214244842529297e+01
19.43318659  3.2510756835937500e+03  1.5213635444641113e+01
19.45362105  3.3088923339843750e+03  1.5215391159057617e+01
19.47405571  3.3406018066406250e+03  1.5215533256530762e+01
19.49449017  3.4273862304687500e+03  1.5215915679931641e+01
19.51492473  3.4369230957031250e+03  1.5217164993286133e+01
19.53535940  3.4333466796875000e+03  1.5217250823974609e+01
19.55579386  3.4837722167968750e+03  1.5217749595642090e+01
19.57622852  3.4792424316406250e+03  1.5215956687927246e+01
19.59666309  3.4862756347656250e+03  1.5216160774230957e+01
19.61709755  3.5297871093750000e+03  1.5216573715209961e+01
19.63753221  3.5399199218750000e+03  1.5217636108398438e+01
19.65796678  3.5177468261718750e+03  1.5217039108276367e+01
19.67840124  3.4853220214843750e+03  1.5217087745666504e+01
19.69883590  3.4669638671875000e+03  1.5217779159545898e+01
19.71927047  3.4204721679687500e+03  1.5216767311096191e+01
19.73970493  3.3771992187500000e+03  1.5216140747070312e+01
19.76013959  3.3242702636718750e+03  1.5214902877807617e+01
19.78057416  3.2831430664062500e+03  1.5216079711914062e+01
19.80100882  3.2384394531250000e+03  1.5215571403503418e+01
19.82144329  3.1912326660156250e+03  1.5214995384216309e+01
19.84187785  3.1080246582031250e+03  1.5214121818542480e+01
19.86231252  3.0286311035156250e+03  1.5214169502258301e+01
19.88274698  2.9625893554687500e+03  1.5213937759399414e+01
19.90318155  2.9102563476562500e+03  1.5212851524353027e+01
19.92361621  2.7951000976562500e+03  1.5211927413940430e+01
19.94405078  2.7180910644531250e+03  1.5211199760437012e+01
19.96448534  2.5902985839843750e+03  1.5209856986999512e+01
19.98491991  2.4803876953125000e+03  1.5209865570068359e+01
20.00535448  nan  nan
20.02578904  2.2280217285156250e+03  1.5208515167236328e+01
20.04622361  2.1430253906250000e+03  1.5208848953247070e+01
20.06665818  2.0074843750000000e+03  1.5208385467529297e+01
20.08709284  1.9022226562500000e+03  1.5207447052001953e+01
20.10752731  nan  nan
20.12796188  1.6801357421875000e+03  1.5205213546752930e+01
20.14839644  1.5692711181640625e+03  1.5204502105712891e+01
20.16883101  1.4722347412109375e+03  1.5204004287719727e+01
20.18926568  1.3591051025390625e+03  1.5199233055114746e+01
20.20970014  1.2717247314453125e+03  1.5202137947082520e+01
20.23013471  1.1682509765625000e+03  1.5200773239135742e+01
20.25056938  1.0488033447265625e+03  1.5201192855834961e+01
20.27100385  9.6189978027343750e+02  1.5200780868530273e+01
20.29143842  8.2719323730468750e+02  1.5197199821472168e+01
20.31187308  7.2598455810546875e+02  1.5197270393371582e+01
20.33230755  6.3204766845703125e+02  1.5196442604064941e+01
20.35274212  5.7482720947265625e+02  1.5196071624755859e+01
20.37317679  4.7218798828125000e+02  1.5195966720581055e+01
20.39361126  3.6513806152343750e+02  1.5194625854492188e+01
20.41404593  2.8431414794921875e+02  1.5192806243896484e+01
20.43448050  1.8644332885742188e+02  1.5194818496704102e+01
20.45491507  1.1801719665527344e+02  1.5194448471069336e+01
20.47534964  6.0796737670898438e+01  1.5194414138793945e+01
20.49578421  -2.8014183044433594e+00  1.5194334983825684e+01
20.51621878  -7.5519088745117188e+01  1.5193226814270020e+01
20.53665335  -1.6850233459472656e+02  1.5192773818969727e+01
20.55708792  -2.1725892639160156e+02  1.5192296981811523e+01
20.57752259  -3.3068658447265625e+02  1.5192842483520508e+01
20.59795716  -4.0286779785156250e+02  1.5190084457397461e+01
20.61839163  -4.5979022216796875e+02  1.5189134597778320e+01
20.63882630  -6.1285498046875000e+02  1.5190099716186523e+01
20.65926087  -7.1370599365234375e+02  1.5188440322875977e+01
20.67969534  -8.0871582031250000e+02  1.5188287734985352e+01
20.70013001  -9.3656781005859375e+02  1.5186891555786133e+01
20.72056458  -1.0863542480468750e+03  1.5186634063720703e+01
20.74099905  -1.2054443359375000e+03  1.5186128616333008e+01
20.76143372  -1.3635754394531250e+03  1.5183339118957520e+01
20.78186830  -1.5538334960937500e+03  1.5181465148925781e+01
20.80230287  -1.6676783447265625e+03  1.5181986808776855e+01
20.82273744  -1.8132329101562500e+03  1.5182374954223633e+01
20.84317191  -2.0085573730468750e+03  1.5181050300598145e+01
20.86360658  -2.1619797363281250e+03  1.5179654121398926e+01
20.88404116  -2.3033022460937500e+03  1.5176666259765625e+01
20.90447563  -2.5058388671875000e+03  1.5177461624145508e+01
20.92491030  -2.6510954589843750e+03  1.5175468444824219e+01
20.94534488  -2.7802585449218750e+03  1.5173918724060059e+01
20.96577955  -2.9382109375000000e+03  1.5173375129699707e+01
20.98621402  -3.0781030273437500e+03  1.5172562599182129e+01
21.00664859  -3.2266975097656250e+03  1.5172115325927734e+01
21.02708327  -3.3162832031250000e+03  1.5171341896057129e+01
21.04751774  -3.5011171875000000e+03  1.5169919967651367e+01
21.06795232  -3.5902858886718750e+03  1.5170979499816895e+01
21.08838699  -3.6931633300781250e+03  1.5168622016906738e+01
21.10882156  -3.8363933105468750e+03  1.5166134834289551e+01
21.12925604  -3.9287209472656250e+03  1.5167258262634277e+01
21.14969071  -4.0264130859375000e+03  1.5166381835937500e+01
21.17012529  -4.1016337890625000e+03  1.5165515899658203e+01
21.19055986  -4.2337773437500000e+03  1.5165040016174316e+01
21.21099444  -4.3140649414062500e+03  1.5163434982299805e+01
21.23142901  -4.4004916992187500e+03  1.5164463043212891e+01
21.25186369  -4.4566391601562500e+03  1.5163946151733398e+01
21.27229816  -4.4750571289062500e+03  1.5162988662719727e+01
21.29273274  -4.5688154296875000e+03  1.5163123130798340e+01
21.31316741  -4.6361684570312500e+03  1.5162995338439941e+01
21.33360189  -4.6471953125000000e+03  1.5163063049316406e+01
21.35403656  -4.7224165039062500e+03  1.5161052703857422e+01
21.37447104  -4.7675371093750000e+03  1.5160031318664551e+01
21.39490562  -4.7924516601562500e+03  1.5160837173461914e+01
21.41534029  -4.8485996093750000e+03  1.5161598205566406e+01
21.43577477  -4.8762558593750000e+03  1.5161148071289062e+01
21.45620934  -4.8997402343750000e+03  1.5160029411315918e+01
21.47664402  -4.9186943359375000e+03  1.5160401344299316e+01
21.49707850  -4.9571992187500000e+03  1.5158437728881836e+01
21.51751307  -4.9343110351562500e+03  1.5160245895385742e+01
21.53794775  -4.9303173828125000e+03  1.5160632133483887e+01
21.55838223  -4.9105883789062500e+03  1.5161700248718262e+01
21.57881691  -4.8569438476562500e+03  1.5160085678100586e+01
21.59925148  -4.8432348632812500e+03  1.5160868644714355e+01
21.61968596  -4.7867895507812500e+03  1.5161254882812500e+01
21.64012064  -4.7898886718750000e+03  1.5160712242126465e+01
21.66055522  -4.7050117187500000e+03  1.5162511825561523e+01
21.68098980  -4.6979189453125000e+03  1.5161613464355469e+01
21.70142437  -4.6608447265625000e+03  1.5162532806396484e+01
21.72185895  -4.6350957031250000e+03  1.5162590980529785e+01
21.74229353  -4.6018959960937500e+03  1.5162899017333984e+01
21.76272811  -4.6016572265625000e+03  1.5162496566772461e+01
21.78316269  -4.5948623046875000e+03  1.5162169456481934e+01
21.80359737  -4.5226811523437500e+03  1.5162113189697266e+01
21.82403195  -4.5049785156250000e+03  1.5162945747375488e+01
21.84446642  -4.5042036132812500e+03  1.5164101600646973e+01
21.86490110  -4.4525859375000000e+03  1.5163812637329102e+01
21.88533568  -4.4080019531250000e+03  1.5163754463195801e+01
21.90577016  -4.3882729492187500e+03  1.5163925170898438e+01
21.92620484  -4.3738486328125000e+03  1.5164720535278320e+01
21.94663942  -4.3433310546875000e+03  1.5165466308593750e+01
21.96707410  -4.3074487304687500e+03  1.5165352821350098e+01
21.98750858  -4.2761562500000000e+03  1.5165704727172852e+01
22.00794316  -4.2273403320312500e+03  1.5165409088134766e+01
22.02837774  -4.1975380859375000e+03  1.5165796279907227e+01
22.04881232  -4.1896103515625000e+03  1.5165509223937988e+01
22.06924691  -4.1222573242187500e+03  1.5165296554565430e+01
22.08968149  -4.0920375976562500e+03  1.5166156768798828e+01
22.11011607  -4.0470361328125000e+03  1.5166347503662109e+01
22.13055055  -3.9780734863281250e+03  1.5166684150695801e+01
22.15098523  -3.9169191894531250e+03  1.5166520118713379e+01
22.17141981  -3.7912727050781250e+03  1.5167157173156738e+01
22.19185449  -3.7155151367187500e+03  1.5167594909667969e+01
22.21228897  -3.6478637695312500e+03  1.5167611122131348e+01
22.23272356  -3.4927128906250000e+03  1.5169356346130371e+01
22.25315824  -3.3689140625000000e+03  1.5170366287231445e+01
22.27359272  -3.2275319824218750e+03  1.5169751167297363e+01
22.29402730  -3.0565856933593750e+03  1.5172783851623535e+01
22.31446199  -2.9388071289062500e+03  1.5172561645507812e+01
22.33489657  -2.7503371582031250e+03  1.5173742294311523e+01
22.35533115  -2.5713444824218750e+03  1.5175116539001465e+01
22.37576573  -2.3809074707031250e+03  1.5176598548889160e+01
22.39620032  -2.2025107421875000e+03  1.5176939964294434e+01
22.41663490  -2.0474791259765625e+03  1.5178118705749512e+01
22.43706948  -1.8907189941406250e+03  1.5177797317504883e+01
22.45750407  -1.6525983886718750e+03  1.5180685997009277e+01
22.47793875  -1.5064477539062500e+03  1.5182202339172363e+01
22.49837323  -1.3631582031250000e+03  1.5182422637939453e+01
22.51880782  -1.1794566650390625e+03  1.5183037757873535e+01
22.53924250  -9.8264215087890625e+02  1.5184742927551270e+01
22.55967698  -8.4739923095703125e+02  1.5186045646667480e+01
22.58011167  -7.0136785888671875e+02  1.5187375068664551e+01
22.60054625  -5.1593780517578125e+02  1.5187517166137695e+01
22.62098074  -3.6597253417968750e+02  1.5188015937805176e+01
22.64141542  -2.4360418701171875e+02  1.5188195228576660e+01
22.66184991  -5.0246715545654297e+01  1.5190588951110840e+01
22.68228449  7.0214271545410156e+01  1.5190902709960938e+01
22.70271918  2.4700164794921875e+02  1.5192657470703125e+01
22.72315366  3.8468838500976562e+02  1.5193294525146484e+01
22.74358825  5.4001806640625000e+02  1.5193482398986816e+01
22.76402293  6.8902966308593750e+02  1.5195208549499512e+01
22.78445742  8.4066394042968750e+02  1.5195515632629395e+01
22.80489210  9.7477435302734375e+02  1.5195513725280762e+01
22.82532669  1.1173486328125000e+03  1.5198057174682617e+01
22.84576128  1.2702941894531250e+03  1.5199076652526855e+01
22.86619586  1.4278889160156250e+03  1.5198743820190430e+01
22.88663045  1.5573500976562500e+03  1.5200639724731445e+01
22.90706503  1.7304420166015625e+03  1.5201368331909180e+01
22.92749962  1.8565654296875000e+03  1.5202409744262695e+01
22.94793421  2.0020008544921875e+03  1.5202300071716309e+01
22.96836889  2.1095275878906250e+03  1.5202619552612305e+01
22.98880348  nan  nan
23.00923797  2.3252963867187500e+03  1.5204820632934570e+01
23.02967266  2.4080275878906250e+03  1.5206438064575195e+01
23.05010724  2.4352072753906250e+03  1.5206376075744629e+01
23.07054173  2.4667978515625000e+03  1.5203742027282715e+01
23.09097642  2.5018454589843750e+03  1.5206437110900879e+01
23.11141101  2.5246142578125000e+03  1.5205832481384277e+01
23.13184549  2.5277138671875000e+03  1.5206548690795898e+01
23.15228018  2.5272368164062500e+03  1.5206121444702148e+01
23.17271477  2.4995803222656250e+03  1.5206160545349121e+01
23.19314946  2.4501086425781250e+03  1.5204044342041016e+01
23.21358395  nan  nan
23.23401854  2.3804902343750000e+03  1.5203297615051270e+01
23.25445322  2.3401975097656250e+03  1.5204838752746582e+01
23.27488771  2.3150444335937500e+03  1.5205287933349609e+01
23.29532230  2.2118090820312500e+03  1.5204000473022461e+01
23.31575689  2.1587609863281250e+03  1.5204447746276855e+01
23.33619148  2.0927189941406250e+03  1.5202705383300781e+01
23.35662617  2.0049810791015625e+03  1.5200785636901855e+01
23.37706066  1.9139051513671875e+03  1.5200584411621094e+01
23.39749525  1.8802880859375000e+03  1.5200668334960938e+01
23.41792994  1.7880201416015625e+03  1.5201340675354004e+01
23.43836443  1.7331838378906250e+03  1.5200768470764160e+01
23.45879902  1.6708374023437500e+03  1.5198709487915039e+01
23.47923371  1.5681982421875000e+03  1.5197487831115723e+01
23.49966830  1.5194416503906250e+03  1.5198883056640625e+01
23.52010279  1.4660358886718750e+03  1.5198092460632324e+01
23.54053748  1.3537407226562500e+03  1.5195938110351562e+01
23.56097207  1.3684034423828125e+03  1.5197864532470703e+01
23.58140666  1.2708902587890625e+03  1.5195958137512207e+01
23.60184125  1.2249946289062500e+03  1.5196368217468262e+01
23.62227584  1.1812448730468750e+03  1.5195832252502441e+01
23.64271043  1.1295080566406250e+03  1.5194862365722656e+01
23.66314502  1.1053085937500000e+03  1.5195583343505859e+01
23.68357962  1.0877847900390625e+03  1.5195033073425293e+01
23.70401431  1.0068416748046875e+03  1.5195272445678711e+01
23.72444880  9.6333026123046875e+02  1.5193952560424805e+01
23.74488349  9.6976757812500000e+02  1.5194387435913086e+01
23.76531808  9.2983245849609375e+02  1.5194493293762207e+01
23.78575258  9.2053411865234375e+02  1.5193713188171387e+01
23.80618727  8.8334082031250000e+02  1.5194384574890137e+01
23.82662186  9.0157983398437500e+02  1.5193436622619629e+01
23.84705635  8.7833404541015625e+02  1.5194364547729492e+01
23.86749105  8.9931488037109375e+02  1.5193351745605469e+01
23.88792564  9.0575219726562500e+02  1.5193340301513672e+01
23.90836013  9.2256066894531250e+02  1.5194632530212402e+01
23.92879482  8.5759161376953125e+02  1.5192909240722656e+01
23.94922942  8.9395043945312500e+02  1.5193413734436035e+01
23.96966401  8.6414813232421875e+02  1.5193408012390137e+01
23.99009860  8.2957745361328125e+02  1.5193159103393555e+01
24.01053310  8.1455706787109375e+02  1.5193801879882812e+01
24.03096779  7.9298022460937500e+02  1.5194045066833496e+01
24.05140238  7.4386596679687500e+02  1.5192322731018066e+01
24.07183698  7.8117846679687500e+02  1.5194581985473633e+01
24.09227157  7.7641009521484375e+02  1.5192971229553223e+01
24.11270617  7.7247619628906250e+02  1.5192530632019043e+01
24.13314076  7.4434277343750000e+02  1.5193620681762695e+01
24.15357545  7.3528289794921875e+02  1.5193217277526855e+01
24.17400995  7.1191784667968750e+02  1.5193272590637207e+01
24.19444464  6.8795678710937500e+02  1.5193391799926758e+01
24.21487924  6.5386297607421875e+02  1.5192035675048828e+01
24.23531373  6.1476232910156250e+02  1.5193155288696289e+01
24.25574843  5.6493280029296875e+02  1.5192731857299805e+01
24.27618302  5.3858758544921875e+02  1.5192934036254883e+01
24.29661752  5.1915643310546875e+02  1.5193546295166016e+01
24.31705221  5.0020217895507812e+02  1.5192479133605957e+01
24.33748681  4.9078463745117188e+02  1.5191278457641602e+01
24.35792151  4.7373773193359375e+02  1.5192588806152344e+01
24.37835600  4.3094158935546875e+02  1.5191203117370605e+01
24.39879060  3.8933752441406250e+02  1.5191537857055664e+01
24.41922529  3.8039685058593750e+02  1.5190491676330566e+01
24.43965979  2.8455258178710938e+02  1.5190176010131836e+01
24.46009439  2.3043154907226562e+02  1.5189193725585938e+01
24.48052908  1.6629696655273438e+02  1.5188179016113281e+01
24.50096358  1.2326240539550781e+02  1.5187589645385742e+01
24.52139818  4.0173530578613281e+01  1.5187374114990234e+01
24.54183287  -5.7220458984375000e+00  1.5188298225402832e+01
24.56226737  -1.0401010131835938e+02  1.5186257362365723e+01
24.58270207  -1.9741058349609375e+02  1.5186781883239746e+01
24.60313656  -2.5510787963867188e+02  1.5185318946838379e+01
24.62357116  -3.6752224731445312e+02  1.5185023307800293e+01
24.64400586  -4.6569110107421875e+02  1.5183080673217773e+01
24.66444036  -5.7899951171875000e+02  1.5185230255126953e+01
24.68487495  -6.8044665527343750e+02  1.5183690071105957e+01
24.70530965  -8.0102679443359375e+02  1.5183508872985840e+01
24.72574425  -8.9526177978515625e+02  1.5181175231933594e+01
24.74617885  -9.7650286865234375e+02  1.5182351112365723e+01
24.76661345  -1.0289549560546875e+03  1.5182461738586426e+01
24.78704804  -1.1643767089843750e+03  1.5180232048034668e+01
24.80748264  -1.2196898193359375e+03  1.5180412292480469e+01
24.82791724  -1.2996196289062500e+03  1.5178748130798340e+01
24.84835184  -1.3838410644531250e+03  1.5176994323730469e+01
24.86878654  -1.4228225097656250e+03  1.5177850723266602e+01
24.88922104  -1.5064477539062500e+03  1.5177979469299316e+01
24.90965564  -1.5879273681640625e+03  1.5176336288452148e+01
24.93009034  -1.6623139648437500e+03  1.5175333976745605e+01
24.95052483  -1.7293691406250000e+03  1.5176229476928711e+01
24.97095953  -1.8328427734375000e+03  1.5175755500793457e+01
24.99139413  -1.8649101562500000e+03  1.5174139022827148e+01
25.01182863  -1.9066929931640625e+03  1.5174152374267578e+01
25.03226333  -1.9669532470703125e+03  1.5172762870788574e+01
25.05269793  -2.0096302490234375e+03  1.5173607826232910e+01
25.07313243  -2.0766855468750000e+03  1.5172864913940430e+01
25.09356713  -2.1238327636718750e+03  1.5172241210937500e+01
25.11400173  -2.1976828613281250e+03  1.5171497344970703e+01
25.13443633  -2.2278427734375000e+03  1.5172847747802734e+01
25.15487093  -2.3013950195312500e+03  1.5171274185180664e+01
25.17530553  -2.3398996582031250e+03  1.5172410964965820e+01
25.19574024  -2.3849011230468750e+03  1.5170844078063965e+01
25.21617474  -2.4258493652343750e+03  1.5171727180480957e+01
25.23660934  -2.4715661621093750e+03  1.5171136856079102e+01
25.25704394  -2.4979709472656250e+03  1.5170960426330566e+01
25.27747854  -2.6018620605468750e+03  1.5170242309570312e+01
25.29791314  -2.5979875488281250e+03  1.5169214248657227e+01
25.31834774  -2.6836396484375000e+03  1.5167798995971680e+01
25.33878234  -2.6707648925781250e+03  1.5169445991516113e+01
25.35921705  -2.7015209960937500e+03  1.5167901992797852e+01
25.37965165  -2.7422905273437500e+03  1.5167219161987305e+01
25.40008615  -2.7745366210937500e+03  1.5166632652282715e+01
25.42052085  -2.7813315429687500e+03  1.5167549133300781e+01
25.44095545  -2.8437971191406250e+03  1.5167593955993652e+01
25.46138996  -2.8496384277343750e+03  1.5166389465332031e+01
25.48182466  -2.9116870117187500e+03  1.5166411399841309e+01
25.50225926  -2.9285549316406250e+03  1.5167979240417480e+01
25.52269376  -2.9402375488281250e+03  1.5167943000793457e+01
25.54312847  -2.9315947265625000e+03  1.5165971755981445e+01
25.56356307  -2.9173493652343750e+03  1.5167390823364258e+01
25.58399777  -2.8904079589843750e+03  1.5168462753295898e+01
25.60443228  -2.8811694335937500e+03  1.5167708396911621e+01
25.62486688  -2.8732419433593750e+03  1.5167919158935547e+01
25.64530158  -2.9232502441406250e+03  1.5167934417724609e+01
25.66573609  -2.9184819335937500e+03  1.5165586471557617e+01
25.68617069  -2.9060244140625000e+03  1.5166484832763672e+01
25.70660539  -2.9564499511718750e+03  1.5166193008422852e+01
25.72703990  -2.9578208007812500e+03  1.5164626121520996e+01
25.74747460  -3.0330419921875000e+03  1.5165180206298828e+01
25.76790921  -3.0707717285156250e+03  1.5165480613708496e+01
25.78834371  -3.1111835937500000e+03  1.5164812088012695e+01
25.80877841  -3.1924843750000000e+03  1.5164522171020508e+01
25.82921302  -3.2183527832031250e+03  1.5164179801940918e+01
25.84964762  -3.2578110351562500e+03  1.5164119720458984e+01
25.87008223  -3.3524631347656250e+03  1.5162811279296875e+01
25.89051683  -3.4475327148437500e+03  1.5162931442260742e+01
25.91095134  -3.4961699218750000e+03  1.5161471366882324e+01
25.93138604  -3.5440324707031250e+03  1.5159725189208984e+01
25.95182065  -3.5616159667968750e+03  1.5158926010131836e+01
25.97225525  nan  nan
25.99268986  -3.6142468261718750e+03  1.5160638809204102e+01
26.01312446  -3.6603808593750000e+03  1.5158267021179199e+01
26.03355917  -3.6689638671875000e+03  1.5160843849182129e+01
26.05399368  -3.6402343750000000e+03  1.5158275604248047e+01
26.07442828  -3.6752819824218750e+03  1.5161019325256348e+01
26.09486299  -3.6740302734375000e+03  1.5160758972167969e+01
26.11529749  -3.6618708496093750e+03  1.5158105850219727e+01
26.13573220  -3.6731362304687500e+03  1.5163118362426758e+01
26.15616681  -3.6664008789062500e+03  1.5158631324768066e+01
26.17660131  -3.6703945312500000e+03  1.5161136627197266e+01
26.19703602  -3.6594868164062500e+03  1.5161705970764160e+01
26.21747063  -3.6109685058593750e+03  1.5159798622131348e+01
26.23790513  -3.5879016113281250e+03  1.5159439086914062e+01
26.25833984  -3.5646557617187500e+03  1.5163274765014648e+01
26.27877445  -3.4917592773437500e+03  1.5161232948303223e+01
26.29920895  -3.4490227050781250e+03  1.5161446571350098e+01
26.31964366  -3.4017563476562500e+03  1.5163332939147949e+01
26.34007827  -3.3612846679687500e+03  1.5163705825805664e+01
26.36051298  -3.3057927246093750e+03  1.5163261413574219e+01
26.38094748  -3.2466054687500000e+03  1.5163208961486816e+01
26.40138209  -3.2064318847656250e+03  1.5164992332458496e+01
26.42181680  -3.1693576660156250e+03  1.5163550376892090e+01
26.44225131  -3.1367541503906250e+03  1.5162280082702637e+01
26.46268591  -3.0539631347656250e+03  1.5162517547607422e+01
26.48312052  -2.9356479492187500e+03  1.5166124343872070e+01
26.50355523  -2.9013752441406250e+03  1.5165467262268066e+01
26.52398974  -2.8384328613281250e+03  1.5164429664611816e+01
26.54442445  -2.7573703613281250e+03  1.5166262626647949e+01
26.56485896  -2.6801228027343750e+03  1.5165362358093262e+01
26.58529367  -2.6009677734375000e+03  1.5167007446289062e+01
26.60572827  -2.5246142578125000e+03  1.5167927742004395e+01
26.62616278  -2.4313925781250000e+03  1.5167460441589355e+01
26.64659749  -2.3715495605468750e+03  1.5169964790344238e+01
26.66703210  -2.2904277343750000e+03  1.5166524887084961e+01
26.68746661  -2.2243261718750000e+03  1.5168540954589844e+01
26.70790132  -2.1753310546875000e+03  1.5169546127319336e+01
26.72833593  -2.0879506835937500e+03  1.5170078277587891e+01
26.74877064  -2.0772219238281250e+03  1.5170171737670898e+01
26.76920515  -2.0477772216796875e+03  1.5171163558959961e+01
26.78963976  -2.0161270751953125e+03  1.5168743133544922e+01
26.81007447  -1.9950270996093750e+03  1.5170680999755859e+01
26.83050898  -1.9771456298828125e+03  1.5173700332641602e+01
26.85094359  -2.0127893066406250e+03  1.5170969009399414e+01
26.87137830  -1.9901395263671875e+03  1.5170095443725586e+01
26.89181281  -1.9976496582031250e+03  1.5171163558959961e+01
26.91224742  -2.0256042480468750e+03  1.5170401573181152e+01
26.93268213  -2.0678044433593750e+03  1.5171516418457031e+01
26.95311664  -2.0726918945312500e+03  1.5170418739318848e+01
26.97355135  -2.0880102539062500e+03  1.5171693801879883e+01
26.99398596  -2.0823479003906250e+03  1.5171981811523438e+01
27.01442057  -2.0801425781250000e+03  1.5170964241027832e+01
27.03485519  -2.1408200683593750e+03  1.5170529365539551e+01
27.05528980  -2.1069645996093750e+03  1.5171430587768555e+01
27.07572441  -2.1294951171875000e+03  1.5171819686889648e+01
27.09615902  -2.1528005371093750e+03  1.5170579910278320e+01
27.11659363  -2.1252036132812500e+03  1.5171286582946777e+01
27.13702824  -2.1499394531250000e+03  1.5170267105102539e+01
27.15746286  -2.1866560058593750e+03  1.5170180320739746e+01
27.17789747  -2.1997690429687500e+03  1.5171179771423340e+01
27.19833208  -2.1933317871093750e+03  1.5170452117919922e+01
27.21876669  -2.2657514648437500e+03  1.5168247222900391e+01
27.23920130  -2.3017526855468750e+03  1.5168385505676270e+01
27.25963602  -2.3097993164062500e+03  1.5167816162109375e+01
27.28007053  -2.3252963867187500e+03  1.5167955398559570e+01
27.30050514  -2.3658276367187500e+03  1.5166927337646484e+01
27.32093985  -2.4161936035156250e+03  1.5165870666503906e+01
27.34137437  -2.4241208496093750e+03  1.5168829917907715e+01
27.36180908  -2.4825930175781250e+03  1.5164771080017090e+01
27.38224369  -2.5506020507812500e+03  1.5166411399841309e+01
